750 1000
 414  12 160 163 257 445 279 172 410 195 234   1
 140 132 153 266 462 275 333  58 255 231 205   2
 189 152 373 151 432  30 357 372 249  78  79   4
  88 477 386 201 455 442 244  84 399  98  18   5
 343  57 491 328 211 168 282 108 424  30 221   6
 404  90 418 259  24 432 298 416 292 469 182   7
 139 260 325 471  63 395 272 400 170 384 369   8
 203 247 163 448 448 427 354 284 417 418 208   9
 217 346 158 208 112 323 286 301 365 302 216  10
 323 177 272 453 157 142 281 294 285 199 117  11
  35 128 280 278 497 428 444  50 133  97 440  12
 185 448 214 425 350 452 296 491 142 382 400  13
  44  26 354 246 227  70 414 293 471 478 449  14
  80 384 472 177 186 275 479 226  42 361  32  15
 144 466 382 228 341 326  17 217 347 260  17  16
 278 310 152 453 250 420 339 268 109  59 379  17
 293 333 136 270 172 315 287 422 451 405 236  18
 194 410  46 361 318 336  22  19 330 236  10  19
  92  25 386 226 350 144 382 198 106  89 467  20
 197  64  31 374 121 205 434 316 231 484 240  21
 384  90 439 337  66 119 189 326 150 212 142  22
 228 276  17 305 155  55 312 287 437 224 472  23
 132 394 452  33  51 373 268 341 213 300 165  24
 100 495 207 328 269 414 241 458 286 220 430  25
 400 131 354  51  40 444 158 113 308 162 349  26
 180 412 172 102 474 222 105 232 159 153 480  27
 327 467 197 235  72 460 227 297 362 397  85  28
  37 321 129 288 324 344 356 436 338 135  77  29
 494 247 322 385  81 342  58 453 284 193 153  30
 337 121 211 152 395 411 208 236  40 133 164  31
 151 394  60 473 113  21 201 394  87 437 154  32
  53 418 431 484  48 448 495  52 185  59 404  33
 108 365 385 234 117  11 471 399 346  30 177  34
 408 239 450 428 152 487 312 491  15  15  78  35
 499 458 167 120 389 279 244 160 284 268 114  36
 424 159  38 160 441 441  47  91 428 250  54  37
  11 153  67 384 414 128 340  86  32 146 116  38
 178 499 151 114 497  53 384 204  92 398 133  39
 384 285 500 200 462 164 389 228 280 474 493  40
 172 452 117 320 180 131 459 412  59 454 135  41
 198 231 438 158 154 393 205  93 227 395 435  42
 283 324 354  28  13  97  13 449 445 293 495  43
 498 349 266 451 164 276 474 290 252 370 442  44
 119 408 136 375 402 254 160 461 290 135 488  45
  10  86 467 307 483 133 128 423 112 425 450  46
 394  55 356 114 153  56 152 466 155 416 211  47
 281  65 295 346 323 246 384 302 179 252 165  48
  57 190 116 200 100 103  96 455 175 361  93  49
 381 163 135 320 419 113  90 445  48 373 447  50
 168 168  75 474 186 193 108 297 320 314  17  51
 326 148 467 137 353 480 412 107 111 227 436  52
  88 441  71 306 435 455  93 202 158 126 108  53
 453 463 457 386 113 166 159 306 352 342 485  54
 469 360 379 388  29 428  15  52 258  74 246  55
 491  39  35 421 117 226 165  27 105 291  14  56
  49  22 286 337  95 214  41 405 334 390 417  57
 321 295 268 449  99  84 383 167 102 403  78  58
  14 212 444 410 246 217 498 245 242 466 220  59
 378 472 132 481 236 384  22 178 414 102 287  60
 448  35 399 118 144  59 471 120  59 471 120  61
  63  64  65  66  67  68  69  70  71  72  73  74
  414  12 160 163 257 445 279 172 410 195 234   1
 140 132 153 266 462 275 333  58 255 231 205   2
 189 152 373 151 432  30 357 372 249  78  79   4
  88 477 386 201 455 442 244  84 399  98  18   5
 343  57 491 328 211 168 282 108 424  30 221   6
 404  90 418 259  24 432 298 416 292 469 182   7
 139 260 325 471  63 395 272 400 170 384 369   8
 203 247 163 448 448 427 354 284 417 418 208   9
 217 346 158 208 112 323 286 301 365 302 216  10
 323 177 272 453 157 142 281 294 285 199 117  11
  35 128 280 278 497 428 444  50 133  97 440  12
 185 448 214 425 350 452 296 491 142 382 400  13
  44  26 354 246 227  70 414 293 471 478 449  14
  80 384 472 177 186 275 479 226  42 361  32  15
 144 466 382 228 341 326  17 217 347 260  17  16
 278 310 152 453 250 420 339 268 109  59 379  17
 293 333 136 270 172 315 287 422 451 405 236  18
 194 410  46 361 318 336  22  19 330 236  10  19
  92  25 386 226 350 144 382 198 106  89 467  20
 197  64  31 374 121 205 434 316 231 484 240  21
 384  90 439 337  66 119 189 326 150 212 142  22
 228 276  17 305 155  55 312 287 437 224 472  23
 132 394 452  33  51 373 268 341 213 300 165  24
 100 495 207 328 269 414 241 458 286 220 430  25
 400 131 354  51  40 444 158 113 308 162 349  26
 180 412 172 102 474 222 105 232 159 153 480  27
 327 467 197 235  72 460 227 297 362 397  85  28
  37 321 129 288 324 344 356 436 338 135  77  29
 494 247 322 385  81 342  58 453 284 193 153  30
 337 121 211 152 395 411 208 236  40 133 164  31
 151 394  60 473 113  21 201 394  87 437 154  32
  53 418 431 484  48 448 495  52 185  59 404  33
 108 365 385 234 117  11 471 399 346  30 177  34
 408 239 450 428 152 487 312 491  15  15  78  35
 499 458 167 120 389 279 244 160 284 268 114  36
 424 159  38 160 441 441  47  91 428 250  54  37
  11 153  67 384 414 128 340  86  32 146 116  38
 178 499 151 114 497  53 384 204  92 398 133  39
 384 285 500 200 462 164 389 228 280 474 493  40
 172 452 117 320 180 131 459 412  59 454 135  41
 198 231 438 158 154 393 205  93 227 395 435  42
 283 324 354  28  13  97  13 449 445 293 495  43
 498 349 266 451 164 276 474 290 252 370 442  44
 119 408 136 375 402 254 160 461 290 135 488  45
  10  86 467 307 483 133 128 423 112 425 450  46
 394  55 356 114 153  56 152 466 155 416 211  47
 281  65 295 346 323 246 384 302 179 252 165  48
  57 190 116 200 100 103  96 455 175 361  93  49
 381 163 135 320 419 113  90 445  48 373 447  50
 168 168  75 474 186 193 108 297 320 314  17  51
 326 148 467 137 353 480 412 107 111 227 436  52
  88 441  71 306 435 455  93 202 158 126 108  53
 453 463 457 386 113 166 159 306 352 342 485  54
 469 360 379 388  29 428  15  52 258  74 246  55
 491  39  35 421 117 226 165  27 105 291  14  56
  49  22 286 337  95 214  41 405 334 390 417  57
 321 295 268 449  99  84 383 167 102 403  78  58
  14 212 444 410 246 217 498 245 242 466 220  59
 378 472 132 481 236 384  22 178 414 102 287  60
 448  35 399 118 144  59 471 120  59 471 120  61
 63  64  65  66  67  68  69  70  71  72  73  74
 50  50  50  50  50  50  50  50  50  50  50  50
 150 150 150 150 150 150 150 150 150 150 150 150
 250 250 250 250 250 250 250 250 250 250 250 250

